256 : 1474
259 : 987
260 : 684
261 : 691
773 : 752
265 : 895
10 : 1372
11 : 712
523 : 974
12 : 711
270 : 701
271 : 1734
272 : 2094
784 : 965
273 : 650
19 : 860
14099 : 1291
20 : 1005
10516 : 882
534 : 1487
790 : 648
1815 : 688
24 : 758
280 : 633
536 : 718
287 : 1183
32 : 920
33 : 15167
545 : 851
3617 : 654
37 : 2936
549 : 1137
38 : 1074
550 : 843
39 : 15596
807 : 741
40 : 50675
42 : 14945
810 : 626
1579 : 874
813 : 821
46 : 911
302 : 1204
1328 : 1786
49 : 42135
50 : 1120
311 : 2594
56 : 704
825 : 1210
571 : 792
61 : 1489
1345 : 753
1601 : 801
66 : 4472
77 : 869
590 : 1119
79 : 1060
335 : 774
80 : 1600
593 : 1227
339 : 1274
341 : 643
90 : 3837
16218 : 1166
605 : 1209
866 : 632
102 : 2237
104 : 812
106 : 657
108 : 765
111 : 2794
1136 : 667
1394 : 1161
372 : 782
118 : 1026
1147 : 1426
124 : 1302
380 : 677
12926 : 1467
12930 : 742
390 : 831
650 : 857
16011 : 1316
16012 : 669
397 : 674
2959 : 904
148 : 1779
406 : 879
408 : 693
665 : 752
1436 : 765
157 : 830
414 : 1880
162 : 1010
678 : 1110
682 : 704
171 : 3099
1199 : 660
176 : 970
180 : 998
439 : 1863
186 : 1376
187 : 660
957 : 911
2239 : 1715
704 : 806
450 : 690
3271 : 950
202 : 1133
10447 : 618
465 : 695
977 : 817
15833 : 1143
476 : 2167
480 : 926
226 : 3257
741 : 1181
230 : 820
489 : 720
1005 : 1102
238 : 3032
13042 : 1051
243 : 911
250 : 1160
252 : 621
767 : 797
2047 : 625
40 15833 : 718
33 226 : 655
40 476 : 1500
226 39 : 681
226 40 : 2351
226 42 : 877
49 476 : 1428
741 40 : 759
49 226 : 1736
39 238 : 683
40 238 : 1929
16011 16012 : 651
13042 40 : 688
49 238 : 1682
272 271 : 680
40 250 : 752
256 40 : 1057
259 40 : 628
49 250 : 675
256 49 : 1057
40 10 : 832
40 523 : 648
49 259 : 643
40 271 : 1194
272 40 : 1434
784 40 : 640
49 10 : 790
14099 40 : 801
534 40 : 922
49 271 : 957
272 49 : 1090
49 14099 : 698
39 287 : 1116
40 287 : 750
49 534 : 861
33 39 : 2833
33 40 : 8455
33 42 : 3196
37 39 : 2790
37 40 : 2037
38 39 : 1046
549 40 : 663
38 40 : 707
37 42 : 700
39 40 : 10345
39 42 : 3897
33 49 : 8034
40 42 : 11414
49 37 : 1416
40 302 : 715
49 549 : 658
49 39 : 7944
1328 40 : 1156
49 40 : 29142
50 40 : 768
49 42 : 9018
39 56 : 657
311 40 : 1852
49 302 : 658
311 42 : 719
40 825 : 703
1328 49 : 968
33 66 : 774
49 50 : 843
40 61 : 983
49 311 : 1692
66 39 : 643
66 40 : 2787
49 825 : 701
66 42 : 995
49 61 : 815
49 66 : 2529
40 590 : 708
40 79 : 774
80 40 : 1111
593 40 : 723
33 90 : 713
339 40 : 742
49 590 : 628
49 79 : 824
39 90 : 764
80 49 : 893
40 90 : 2749
49 593 : 743
40 16218 : 728
42 90 : 732
49 339 : 779
40 605 : 775
49 90 : 2798
49 16218 : 647
102 40 : 1400
49 605 : 687
39 106 : 643
39 111 : 2725
40 111 : 1759
49 102 : 1311
42 111 : 677
1394 40 : 789
372 39 : 767
49 111 : 1380
40 1147 : 983
49 1394 : 669
40 124 : 726
40 12926 : 938
49 1147 : 811
49 124 : 797
49 12926 : 817
40 16011 : 829
40 2959 : 655
148 40 : 1137
49 16011 : 730
49 2959 : 779
49 148 : 1036
40 414 : 1130
162 40 : 622
678 40 : 635
49 414 : 1135
39 171 : 3031
40 171 : 2059
42 171 : 805
49 678 : 666
176 40 : 631
180 40 : 653
49 171 : 1557
439 40 : 1260
40 186 : 828
49 180 : 624
40 2239 : 1287
49 439 : 1025
49 186 : 816
49 2239 : 955
40 202 : 669
49 202 : 674
49 39 40 : 6102
39 42 111 : 666
49 39 42 : 2374
49 39 171 : 1538
49 40 42 : 7366
49 40 171 : 1206
49 40 238 : 1244
49 39 111 : 1361
49 40 111 : 1037
311 40 42 : 625
1328 49 40 : 720
49 439 40 : 780
49 311 40 : 1347
66 40 42 : 792
49 40 1147 : 623
49 40 2239 : 788
256 49 40 : 813
49 66 40 : 1797
49 66 42 : 663
49 40 271 : 733
272 49 40 : 827
80 49 40 : 699
40 42 90 : 619
49 148 40 : 742
39 40 287 : 728
49 534 40 : 632
33 39 40 : 1840
33 39 42 : 805
33 40 42 : 2359
49 40 90 : 2125
226 40 42 : 726
37 39 40 : 1945
49 40 476 : 1092
38 39 40 : 684
37 39 42 : 671
49 40 414 : 781
33 49 39 : 1646
39 40 42 : 3051
33 49 40 : 5402
39 40 171 : 2019
49 226 40 : 1400
33 49 42 : 2063
39 42 171 : 794
49 37 39 : 1360
40 42 171 : 624
49 37 40 : 1116
39 40 111 : 1740
49 102 40 : 946
49 33 39 40 : 1236
49 33 40 42 : 1646
49 37 39 40 : 1080
49 39 40 42 : 1991
33 39 40 42 : 622
49 39 40 171 : 1193
49 39 40 111 : 1031
